TILEMAP
72 28 							-- Size of tile map in tiles
16 32 							-- Tile size & block size
images/blocks.png 	-- Tilesheet
2 2 								-- Number of tiles in tilesheet
111111111111111111111111111111111111111111111111111111111111111111111111
11                                                                    00
11                                                                    00
11                                                                    00
11                                                                    00
11                                                                    00
11                                                                    00
1111   11111   1   1   111111   11                                    00
11           1 1 1 1 1                                                00
11                                                                    00
11                                                                    00
11                                                                    00
1111   1111   33   44   11111   11                                    00
11                                                                    00
11                                                                    00
11                                                                    00
11                                                                    00
1111   111  22       22  1111   11                                    00
11            22   22                                                 00
11             22222                                                  00
11                                                                    00
11                                                                    00
11                                                                    00
1111   1111111111111111111111   11                                    00
11                                                                    00
11                                                                    00
11                                                                    00
111111111111111111111111111111111111111111111111111111111111111111111111
